7
25
4
5
1
9
9
16
20
2
4
12
24
12
13
2
23
7
6
20
6
3
14
17
5
15
25
23
3
5
9
2
20
10
16
4
24
23
21
25
4
9
20
11
22
10
1
8
11
20
16
16
22
21
0
15
21
17
12
21
6
5
25
17
5
17
2
10
9
19
8
24
22
20
9
6
19
17
16
20
17
20
15
0
7
23
2
5
1
2
16
10
3
13
9
7
4
23
9
19
18
15
4
0
23
22
7
15
23
0
5
23
13
25
2
1
24
18
4
8
6
12
15
22
14
2
15
22
6
10
6
24
19
6
13
2
5
14
3
9
16
6
14
13
16
12
14
18
7
0
13
13
10
24
14
22
13
25
14
3
1
7
24
21
15
0
23
21
9
16
16
19
22
2
12
20
24
16
14
25
3
9
1
13
10
17
13
5
20
8
14
21
5
12
11
2
21
8
24
20
